#
# These are all the primitive n-th root of unity in Z_q
# when q=12289 and n=2048
#
7
8
20
21
24
50
60
63
68
72
125
139
146
150
170
180
189
193
204
212
216
239
293
338
343
346
364
365
375
377
392
406
412
416
417
425
438
448
450
457
463
464
466
502
506
510
512
530
540
567
578
579
612
614
622
636
648
682
716
717
751
767
769
778
791
814
826
844
845
865
874
879
881
904
910
923
944
980
982
994
1014
1015
1029
1030
1038
1040
1057
1092
1095
1120
1125
1131
1136
1160
1165
1176
1178
1208
1218
1223
1226
1236
1241
1248
1251
1255
1265
1275
1279
1280
1282
1314
1325
1327
1344
1350
1371
1373
1389
1392
1398
1403
1406
1409
1417
1445
1468
1481
1506
1518
1522
1526
1530
1535
1536
1555
1573
1590
1620
1658
1681
1687
1694
1701
1705
1706
1721
1734
1737
1744
1756
1763
1783
1790
1802
1804
1826
1836
1842
1849
1866
1868
1882
1891
1892
1901
1908
1927
1928
1936
1942
1944
1945
2021
2035
2046
2054
2065
2068
2110
2148
2151
2164
2171
2185
2209
2212
2213
2231
2253
2257
2260
2275
2276
2291
2293
2301
2307
2334
2338
2360
2373
2429
2434
2442
2450
2455
2461
2478
2483
2485
2528
2532
2535
2575
2593
2595
2600
2602
2622
2626
2633
2637
2643
2672
2674
2689
2712
2717
2730
2769
2776
2800
2827
2828
2832
2840
2873
2894
2900
2926
2929
2940
2941
2945
2946
2947
2957
2982
3007
3017
3019
3020
3028
3042
3045
3056
3065
3087
3090
3094
3114
3116
3120
3121
3154
3163
3171
3200
3205
3221
3229
3232
3238
3268
3276
3278
3285
3317
3332
3338
3343
3344
3359
3360
3368
3375
3393
3407
3408
3418
3448
3449
3451
3454
3466
3469
3480
3495
3502
3511
3515
3528
3534
3536
3572
3578
3589
3607
3624
3654
3669
3670
3678
3708
3723
3744
3753
3758
3765
3769
3793
3795
3805
3808
3815
3821
3825
3837
3840
3846
3869
3889
3929
3941
3942
3944
3947
3959
3961
3975
3981
3982
4032
4050
4094
4099
4103
4113
4119
4138
4145
4153
4167
4176
4194
4209
4218
4222
4227
4235
4238
4251
4265
4267
4273
4289
4301
4335
4352
4360
4378
4390
4404
4411
4423
4443
4475
4483
4489
4499
4504
4505
4510
4518
4523
4538
4554
4564
4565
4566
4578
4590
4605
4608
4649
4661
4665
4670
4684
4693
4697
4705
4719
4727
4730
4739
4770
4781
4820
4834
4840
4855
4860
4883
4906
4913
4924
4939
4963
4974
4987
5002
5039
5043
5054
5061
5063
5078
5082
5102
5103
5115
5118
5135
5163
5170
5189
5202
5207
5209
5211
5216
5219
5232
5246
5268
5275
5287
5289
5349
5368
5370
5386
5406
5410
5411
5412
5416
5461
5464
5478
5508
5509
5518
5526
5530
5547
5588
5596
5598
5604
5609
5618
5646
5650
5653
5662
5672
5673
5676
5690
5703
5724
5734
5776
5781
5784
5789
5797
5808
5826
5832
5835
5836
5845
5900
5959
5966
5969
5987
5993
6026
6063
6085
6086
6092
6094
6105
6125
6127
6138
6151
6162
6164
6184
6195
6197
6203
6204
6226
6263
6296
6302
6320
6323
6330
6389
6444
6453
6454
6457
6463
6481
6492
6500
6505
6508
6513
6555
6565
6586
6599
6613
6616
6617
6627
6636
6639
6643
6671
6680
6685
6691
6693
6701
6742
6759
6763
6771
6780
6781
6811
6825
6828
6873
6877
6878
6879
6883
6903
6919
6921
6940
7000
7002
7014
7021
7043
7057
7070
7073
7078
7080
7082
7087
7100
7119
7126
7154
7171
7174
7186
7187
7207
7211
7226
7228
7235
7246
7250
7287
7302
7315
7326
7350
7365
7376
7383
7406
7429
7434
7449
7455
7469
7508
7519
7550
7559
7562
7570
7584
7592
7596
7605
7619
7624
7628
7640
7681
7684
7699
7711
7723
7724
7725
7735
7751
7766
7771
7779
7784
7785
7790
7800
7806
7814
7846
7866
7878
7885
7899
7911
7929
7937
7954
7988
8000
8016
8022
8024
8038
8051
8054
8062
8067
8071
8080
8095
8113
8122
8136
8144
8151
8170
8176
8186
8190
8195
8239
8257
8307
8308
8314
8328
8330
8342
8345
8347
8348
8360
8400
8420
8443
8449
8452
8464
8468
8474
8481
8484
8494
8496
8520
8524
8531
8536
8545
8566
8581
8611
8619
8620
8635
8665
8682
8700
8711
8717
8753
8755
8761
8774
8778
8787
8794
8809
8820
8823
8835
8838
8840
8841
8871
8881
8882
8896
8914
8921
8929
8930
8945
8946
8951
8957
8972
9004
9011
9013
9021
9051
9057
9060
9068
9084
9089
9118
9126
9135
9168
9169
9173
9175
9195
9199
9202
9224
9233
9244
9247
9261
9269
9270
9272
9282
9307
9332
9342
9343
9344
9348
9349
9360
9363
9389
9395
9416
9449
9457
9461
9462
9489
9513
9520
9559
9572
9577
9600
9615
9617
9646
9652
9656
9663
9667
9687
9689
9694
9696
9714
9754
9757
9761
9804
9806
9811
9828
9834
9839
9847
9855
9860
9916
9929
9951
9955
9982
9988
9996
9998
10013
10014
10029
10032
10036
10058
10076
10077
10080
10104
10118
10125
10138
10141
10179
10221
10224
10235
10243
10254
10268
10344
10345
10347
10353
10361
10362
10381
10388
10397
10398
10407
10421
10423
10440
10447
10453
10463
10485
10487
10499
10506
10526
10533
10545
10552
10555
10568
10583
10584
10588
10595
10602
10608
10631
10669
10699
10716
10734
10753
10754
10759
10763
10767
10771
10783
10808
10821
10844
10872
10880
10883
10886
10891
10897
10900
10916
10918
10939
10945
10962
10964
10975
11007
11009
11010
11014
11024
11034
11038
11041
11048
11053
11063
11066
11071
11081
11111
11113
11124
11129
11153
11158
11164
11169
11194
11197
11232
11249
11251
11259
11260
11274
11275
11295
11307
11309
11345
11366
11379
11385
11408
11410
11415
11424
11444
11445
11463
11475
11498
11511
11520
11522
11538
11572
11573
11607
11641
11653
11667
11675
11677
11710
11711
11722
11749
11759
11777
11779
11783
11787
11823
11825
11826
11832
11839
11841
11851
11864
11872
11873
11877
11883
11897
11912
11914
11924
11925
11943
11946
11951
11996
12050
12073
12077
12085
12096
12100
12109
12119
12139
12143
12150
12164
12217
12221
12226
12229
12239
12265
12268
12269
12281
12282

