#
# These are all the primitive n-th roots of unity in Z_q
# when q=12289 and n=1024.
#
49
52
56
58
64
142
147
151
156
168
174
192
218
241
295
316
325
347
350
382
400
418
421
426
431
441
453
468
504
522
576
605
652
654
677
683
709
723
787
835
885
922
948
973
975
1003
1010
1018
1041
1050
1058
1105
1112
1146
1159
1190
1200
1254
1263
1278
1293
1319
1321
1323
1359
1360
1404
1483
1489
1512
1566
1579
1583
1594
1693
1702
1728
1747
1805
1815
1843
1858
1922
1954
1956
1958
1962
1973
1975
1987
2031
2033
2049
2051
2057
2078
2127
2169
2281
2302
2344
2361
2447
2459
2500
2503
2505
2555
2655
2683
2692
2738
2766
2767
2839
2844
2882
2908
2919
2920
2925
2948
3009
3029
3030
3054
3123
3127
3150
3174
3199
3202
3262
3263
3315
3329
3336
3434
3438
3445
3477
3482
3514
3529
3532
3565
3570
3600
3602
3643
3656
3710
3728
3757
3762
3772
3789
3818
3834
3860
3879
3956
3957
3963
3969
3988
3991
3998
4016
4046
4049
4075
4077
4079
4080
4115
4169
4212
4213
4240
4298
4322
4324
4433
4449
4467
4493
4536
4624
4698
4737
4749
4754
4774
4780
4782
4789
4912
4916
4948
5009
5057
5079
5106
5184
5206
5241
5257
5297
5315
5333
5339
5369
5383
5415
5429
5435
5445
5446
5456
5468
5486
5529
5537
5574
5594
5681
5735
5766
5782
5862
5868
5874
5876
5886
5906
5908
5915
5919
5925
5942
5961
5990
6008
6055
6065
6068
6077
6093
6099
6118
6119
6122
6136
6137
6142
6147
6152
6153
6167
6170
6171
6190
6196
6212
6221
6224
6234
6281
6299
6328
6347
6364
6370
6374
6381
6383
6403
6413
6415
6421
6427
6507
6523
6554
6608
6695
6715
6752
6760
6803
6821
6833
6843
6844
6854
6860
6874
6906
6920
6950
6956
6974
6992
7032
7048
7083
7105
7183
7210
7232
7280
7341
7373
7377
7500
7507
7509
7515
7535
7540
7552
7591
7665
7753
7796
7822
7840
7856
7965
7967
7991
8049
8076
8077
8120
8174
8209
8210
8212
8214
8240
8243
8273
8291
8298
8301
8320
8326
8332
8333
8410
8429
8455
8471
8500
8517
8527
8532
8561
8579
8633
8646
8687
8689
8719
8724
8757
8760
8775
8807
8812
8844
8851
8855
8953
8960
8974
9026
9027
9087
9090
9115
9139
9162
9166
9235
9259
9260
9280
9341
9364
9369
9370
9381
9407
9445
9450
9522
9523
9551
9597
9606
9634
9734
9784
9786
9789
9830
9842
9928
9945
9987
10008
10120
10162
10211
10232
10238
10240
10256
10258
10302
10314
10316
10327
10331
10333
10335
10367
10431
10446
10474
10484
10542
10561
10587
10596
10695
10706
10710
10723
10777
10800
10806
10885
10929
10930
10966
10968
10970
10996
11011
11026
11035
11089
11099
11130
11143
11177
11184
11231
11239
11248
11271
11279
11286
11314
11316
11341
11367
11404
11454
11502
11566
11580
11606
11612
11635
11637
11684
11713
11767
11785
11821
11836
11848
11858
11863
11868
11871
11889
11907
11939
11942
11964
11973
11994
12048
12071
12097
12115
12121
12133
12138
12142
12147
12225
12231
12233
12237
12240

